FR BSTF 10290812 2016,10,31,17,33,51
FR WLS 2583664 2016,10,31,17,33,52
FR FILF 12263771 2016,10,31,17,33,58
FR EILF 1847202 2016,10,31,17,33,59
FR OG02 7880989 2016,10,31,17,33,58
FR BLAF 5926091 2016,10,31,17,33,31
FR OGDI 10858283 2016,10,31,17,34,1
FR FNEB 1767502 2016,10,31,17,33,52
FR MONQ 12715212 2016,10,31,17,33,53
FR TURF 11767578 2016,10,31,17,34,0
FR URDF 4048853 2016,10,31,17,33,59
FR PRIMA 2813385 2016,10,31,17,33,56
FR RIVEL 10966602 2016,10,31,17,33,56
FR AJAC 762967 2016,10,31,17,33,58
FR SJAF 14939447 2016,10,31,17,33,58
FR ARBF 5575031 2016,10,31,17,34,2
FR OGGM 2015858 2016,10,31,17,34,1
FR SMPL 16253011 2016,10,31,17,33,18
FR VIEF 265146 2016,10,31,17,33,58
FR SAOF 8994500 2016,10,31,17,34,0
FR ILLK 998 2016,10,31,17,34,2
FR SURF 7384557 2016,10,31,17,34,0
FR SZBH 1645356 2016,10,31,17,33,59
FR RONF 9508359 2016,10,31,17,33,58
FR OGRV 1586704 2016,10,31,17,33,59
FR OGMY 4189071 2016,10,31,17,33,59
FR MVIF 13439859 2016,10,31,17,33,53
FR OGMO 9467928 2016,10,31,17,33,57
FR FLAF 2441144 2016,10,31,17,33,58
FR OSSF 8770030 2016,10,31,17,33,49
FR GRN 4812999 2016,10,31,17,33,58
FR MOF 478223 2016,10,31,17,33,58
FR ATE 13086802 2016,10,31,17,33,59
FR STR 6563534 2016,10,31,17,34,3
FR ISO 3212060 2016,10,31,17,33,57
FR ASEAF 13721098 2016,10,31,17,33,57
FR CHIF 4725952 2016,10,31,17,33,51
FR DOU 7520819 2016,10,31,17,34,0
FR CLAF 7815906 2016,10,31,17,33,56
FR TRIGF 4770458 2016,10,31,17,33,56
FR ARTF 2140296 2016,10,31,17,33,52
FR CORF 11892919 2016,10,31,17,34,4
FR RENF 6693705 2016,10,31,17,33,2
FR OGSI 8180436 2016,10,31,17,33,59
FR OGSM 6785357 2016,10,31,17,34,0
FR LEPF 759912 2016,10,31,17,33,54
FR PYLO 10923732 2016,10,31,17,33,56
FR OGCB 7626768 2016,10,31,17,33,58
FR OGSA 10932419 2016,10,31,17,33,58
FR LRVF 14205921 2016,10,31,17,34,0
FR TERF 1892869 2016,10,31,17,33,53
FR SAUF 6965891 2016,10,31,17,33,51
FR CAMF 8306717 2016,10,31,17,34,0
FR PLYF 2914780 2016,10,31,17,33,57
FR MLYF 12231924 2016,10,31,17,34,2
FR MORSI 1642319 2016,10,31,17,33,57
FR MLS 2904426 2016,10,31,17,33,53
FR OG35 13240042 2016,10,31,17,34,0
FR PAND 6242950 2016,10,31,17,33,55
FR BANN 8480201 2016,10,31,17,33,56
FR RSL 8435904 2016,10,31,17,33,59
FR CFF 15012248 2016,10,31,17,34,1
FR BOUC 11159080 2016,10,31,17,33,58
FR CALF 2287336 2016,10,31,17,33,56
FR OGVG 6597282 2016,10,31,17,33,57
FR OGAG 13194555 2016,10,31,17,34,0
FR AGO 10298049 2016,10,31,17,33,57
FR PYM 9856555 2016,10,31,17,33,53
FR MENF 16373798 2016,10,31,17,33,54
FR LBL 12123880 2016,10,31,17,33,55
RA STDM 2273837 2016,10,31,17,34,3
RA STFL 3279215 2016,10,31,17,34,4
RA STBR 7180470 2016,10,31,17,33,58
RA STBU 1929193 2016,10,31,17,34,3
RA STRO 7031339 2016,10,31,17,33,59
RA STRB 14394436 2016,10,31,17,34,2
RA STR 15582293 2016,10,31,17,34,0
RA ECH 4881078 2016,10,31,17,33,58
RA STHE 6236538 2016,10,31,17,34,0
RA STSF 3283382 2016,10,31,17,34,3
RA STMU 13533372 2016,10,31,17,27,46
RA STUF 11889212 2016,10,31,17,34,1
RA STBO 5034752 2016,10,31,17,33,58
